-270.000000 -9.834951
-269.729730 -9.834509
-269.459459 -9.834031
-269.189189 -9.833517
-268.918919 -9.832967
-268.648649 -9.832382
-268.378378 -9.831762
-268.108108 -9.831107
-267.837838 -9.830417
-267.567568 -9.829693
-267.297297 -9.828936
-267.027027 -9.828145
-266.756757 -9.827321
-266.486486 -9.826464
-266.216216 -9.825574
-265.945946 -9.824652
-265.675676 -9.823698
-265.405405 -9.822711
-265.135135 -9.821693
-264.864865 -9.820644
-264.594595 -9.819563
-264.324324 -9.818451
-264.054054 -9.817309
-263.783784 -9.816135
-263.513514 -9.814932
-263.243243 -9.813697
-262.972973 -9.812433
-262.702703 -9.811139
-262.432432 -9.809815
-262.162162 -9.808461
-261.891892 -9.807077
-261.621622 -9.805664
-261.351351 -9.804222
-261.081081 -9.802751
-260.810811 -9.801251
-260.540541 -9.799721
-260.270270 -9.798163
-260.000000 -9.796577
-259.729730 -9.794961
-259.459459 -9.793317
-259.189189 -9.791645
-258.918919 -9.789945
-258.648649 -9.788216
-258.378378 -9.786459
-258.108108 -9.784674
-257.837838 -9.782862
-257.567568 -9.781021
-257.297297 -9.779152
-257.027027 -9.777256
-256.756757 -9.775332
-256.486486 -9.773381
-256.216216 -9.771402
-255.945946 -9.769395
-255.675676 -9.767362
-255.405405 -9.765300
-255.135135 -9.763212
-254.864865 -9.761096
-254.594595 -9.758953
-254.324324 -9.756783
-254.054054 -9.754586
-253.783784 -9.752362
-253.513514 -9.750110
-253.243243 -9.747832
-252.972973 -9.745527
-252.702703 -9.743195
-252.432432 -9.740836
-252.162162 -9.738451
-251.891892 -9.736039
-251.621622 -9.733600
-251.351351 -9.731134
-251.081081 -9.728642
-250.810811 -9.726123
-250.540541 -9.723577
-250.270270 -9.721005
-250.000000 -9.718407
-249.729730 -9.715782
-249.459459 -9.713130
-249.189189 -9.710453
-248.918919 -9.707749
-248.648649 -9.705018
-248.378378 -9.702261
-248.108108 -9.699478
-247.837838 -9.696669
-247.567568 -9.693834
-247.297297 -9.690972
-247.027027 -9.688084
-246.756757 -9.685171
-246.486486 -9.682231
-246.216216 -9.679265
-245.945946 -9.676273
-245.675676 -9.673255
-245.405405 -9.670211
-245.135135 -9.667142
-244.864865 -9.664046
-244.594595 -9.660924
-244.324324 -9.657777
-244.054054 -9.654604
-243.783784 -9.651405
-243.513514 -9.648181
-243.243243 -9.644931
-242.972973 -9.641655
-242.702703 -9.638353
-242.432432 -9.635026
-242.162162 -9.631674
-241.891892 -9.628296
-241.621622 -9.624892
-241.351351 -9.621463
-241.081081 -9.618009
-240.810811 -9.614529
-240.540541 -9.611024
-240.270270 -9.607494
-240.000000 -9.603938
-239.729730 -9.600357
-239.459459 -9.596751
-239.189189 -9.593120
-238.918919 -9.589464
-238.648649 -9.585783
-238.378378 -9.582077
-238.108108 -9.578345
-237.837838 -9.574589
-237.567568 -9.570808
-237.297297 -9.567002
-237.027027 -9.563171
-236.756757 -9.559315
-236.486486 -9.555435
-236.216216 -9.551530
-235.945946 -9.547600
-235.675676 -9.543646
-235.405405 -9.539667
-235.135135 -9.535664
-234.864865 -9.531636
-234.594595 -9.527584
-234.324324 -9.523507
-234.054054 -9.519406
-233.783784 -9.515281
-233.513514 -9.511131
-233.243243 -9.506957
-232.972973 -9.502760
-232.702703 -9.498538
-232.432432 -9.494291
-232.162162 -9.490021
-231.891892 -9.485727
-231.621622 -9.481409
-231.351351 -9.477067
-231.081081 -9.472701
-230.810811 -9.468312
-230.540541 -9.463899
-230.270270 -9.459462
-230.000000 -9.455001
-229.729730 -9.450517
-229.459459 -9.446009
-229.189189 -9.441478
-228.918919 -9.436924
-228.648649 -9.432346
-228.378378 -9.427744
-228.108108 -9.423120
-227.837838 -9.418472
-227.567568 -9.413801
-227.297297 -9.409106
-227.027027 -9.404389
-226.756757 -9.399649
-226.486486 -9.394885
-226.216216 -9.390099
-225.945946 -9.385290
-225.675676 -9.380458
-225.405405 -9.375603
-225.135135 -9.370726
-224.864865 -9.365826
-224.594595 -9.360903
-224.324324 -9.355957
-224.054054 -9.350989
-223.783784 -9.345999
-223.513514 -9.340986
-223.243243 -9.335951
-222.972973 -9.330894
-222.702703 -9.325814
-222.432432 -9.320712
-222.162162 -9.315588
-221.891892 -9.310441
-221.621622 -9.305273
-221.351351 -9.300083
-221.081081 -9.294870
-220.810811 -9.289636
-220.540541 -9.284380
-220.270270 -9.279102
-220.000000 -9.273802
-219.729730 -9.268481
-219.459459 -9.263138
-219.189189 -9.257773
-218.918919 -9.252387
-218.648649 -9.246979
-218.378378 -9.241550
-218.108108 -9.236100
-217.837838 -9.230628
-217.567568 -9.225134
-217.297297 -9.219620
-217.027027 -9.214084
-216.756757 -9.208527
-216.486486 -9.202949
-216.216216 -9.197350
-215.945946 -9.191730
-215.675676 -9.186089
-215.405405 -9.180427
-215.135135 -9.174744
-214.864865 -9.169040
-214.594595 -9.163316
-214.324324 -9.157571
-214.054054 -9.151805
-213.783784 -9.146018
-213.513514 -9.140211
-213.243243 -9.134384
-212.972973 -9.128536
-212.702703 -9.122667
-212.432432 -9.116778
-212.162162 -9.110869
-211.891892 -9.104939
-211.621622 -9.098989
-211.351351 -9.093019
-211.081081 -9.087029
-210.810811 -9.081019
-210.540541 -9.074988
-210.270270 -9.068938
-210.000000 -9.062867
-209.729730 -9.056777
-209.459459 -9.050666
-209.189189 -9.044536
-208.918919 -9.038386
-208.648649 -9.032216
-208.378378 -9.026027
-208.108108 -9.019817
-207.837838 -9.013588
-207.567568 -9.007340
-207.297297 -9.001072
-207.027027 -8.994784
-206.756757 -8.988477
-206.486486 -8.982150
-206.216216 -8.975805
-205.945946 -8.969439
-205.675676 -8.963055
-205.405405 -8.956651
-205.135135 -8.950227
-204.864865 -8.943785
-204.594595 -8.937324
-204.324324 -8.930843
-204.054054 -8.924343
-203.783784 -8.917824
-203.513514 -8.911286
-203.243243 -8.904730
-202.972973 -8.898154
-202.702703 -8.891559
-202.432432 -8.884946
-202.162162 -8.878313
-201.891892 -8.871662
-201.621622 -8.864992
-201.351351 -8.858304
-201.081081 -8.851596
-200.810811 -8.844870
-200.540541 -8.838126
-200.270270 -8.831363
-200.000000 -8.824581
-199.729730 -8.817781
-199.459459 -8.810962
-199.189189 -8.804125
-198.918919 -8.797270
-198.648649 -8.790396
-198.378378 -8.783503
-198.108108 -8.776593
-197.837838 -8.769664
-197.567568 -8.762717
-197.297297 -8.755752
-197.027027 -8.748768
-196.756757 -8.741767
-196.486486 -8.734747
-196.216216 -8.727709
-195.945946 -8.720653
-195.675676 -8.713580
-195.405405 -8.706488
-195.135135 -8.699378
-194.864865 -8.692250
-194.594595 -8.685104
-194.324324 -8.677941
-194.054054 -8.670760
-193.783784 -8.663560
-193.513514 -8.656344
-193.243243 -8.649109
-192.972973 -8.641856
-192.702703 -8.634586
-192.432432 -8.627298
-192.162162 -8.619993
-191.891892 -8.612670
-191.621622 -8.605329
-191.351351 -8.597971
-191.081081 -8.590596
-190.810811 -8.583202
-190.540541 -8.575792
-190.270270 -8.568364
-190.000000 -8.560918
-189.729730 -8.553455
-189.459459 -8.545975
-189.189189 -8.538477
-188.918919 -8.530962
-188.648649 -8.523430
-188.378378 -8.515880
-188.108108 -8.508314
-187.837838 -8.500730
-187.567568 -8.493129
-187.297297 -8.485510
-187.027027 -8.477875
-186.756757 -8.470222
-186.486486 -8.462553
-186.216216 -8.454866
-185.945946 -8.447162
-185.675676 -8.439442
-185.405405 -8.431704
-185.135135 -8.423949
-184.864865 -8.416178
-184.594595 -8.408389
-184.324324 -8.400584
-184.054054 -8.392762
-183.783784 -8.384922
-183.513514 -8.377066
-183.243243 -8.369194
-182.972973 -8.361304
-182.702703 -8.353398
-182.432432 -8.345475
-182.162162 -8.337535
-181.891892 -8.329579
-181.621622 -8.321606
-181.351351 -8.313616
-181.081081 -8.305610
-180.810811 -8.297587
-180.540541 -8.289547
-180.270270 -8.281491
-180.000000 -8.273419
-179.729730 -8.265330
-179.459459 -8.257224
-179.189189 -8.249102
-178.918919 -8.240964
-178.648649 -8.232809
-178.378378 -8.224638
-178.108108 -8.216450
-177.837838 -8.208246
-177.567568 -8.200026
-177.297297 -8.191789
-177.027027 -8.183536
-176.756757 -8.175267
-176.486486 -8.166981
-176.216216 -8.158680
-175.945946 -8.150362
-175.675676 -8.142028
-175.405405 -8.133677
-175.135135 -8.125311
-174.864865 -8.116928
-174.594595 -8.108530
-174.324324 -8.100115
-174.054054 -8.091684
-173.783784 -8.083238
-173.513514 -8.074775
-173.243243 -8.066296
-172.972973 -8.057801
-172.702703 -8.049290
-172.432432 -8.040763
-172.162162 -8.032221
-171.891892 -8.023662
-171.621622 -8.015088
-171.351351 -8.006497
-171.081081 -7.997891
-170.810811 -7.989269
-170.540541 -7.980631
-170.270270 -7.971978
-170.000000 -7.963308
-169.729730 -7.954623
-169.459459 -7.945922
-169.189189 -7.937206
-168.918919 -7.928474
-168.648649 -7.919726
-168.378378 -7.910962
-168.108108 -7.902183
-167.837838 -7.893388
-167.567568 -7.884578
-167.297297 -7.875752
-167.027027 -7.866910
-166.756757 -7.858053
-166.486486 -7.849181
-166.216216 -7.840293
-165.945946 -7.831389
-165.675676 -7.822470
-165.405405 -7.813535
-165.135135 -7.804586
-164.864865 -7.795620
-164.594595 -7.786640
-164.324324 -7.777644
-164.054054 -7.768632
-163.783784 -7.759605
-163.513514 -7.750563
-163.243243 -7.741506
-162.972973 -7.732433
-162.702703 -7.723346
-162.432432 -7.714242
-162.162162 -7.705124
-161.891892 -7.695991
-161.621622 -7.686842
-161.351351 -7.677678
-161.081081 -7.668499
-160.810811 -7.659305
-160.540541 -7.650096
-160.270270 -7.640871
-160.000000 -7.631632
-159.729730 -7.622377
-159.459459 -7.613108
-159.189189 -7.603823
-158.918919 -7.594524
-158.648649 -7.585209
-158.378378 -7.575880
-158.108108 -7.566535
-157.837838 -7.557176
-157.567568 -7.547802
-157.297297 -7.538413
-157.027027 -7.529009
-156.756757 -7.519590
-156.486486 -7.510156
-156.216216 -7.500708
-155.945946 -7.491244
-155.675676 -7.481766
-155.405405 -7.472273
-155.135135 -7.462766
-154.864865 -7.453243
-154.594595 -7.443706
-154.324324 -7.434154
-154.054054 -7.424588
-153.783784 -7.415007
-153.513514 -7.405411
-153.243243 -7.395800
-152.972973 -7.386175
-152.702703 -7.376536
-152.432432 -7.366882
-152.162162 -7.357213
-151.891892 -7.347530
-151.621622 -7.337832
-151.351351 -7.328119
-151.081081 -7.318393
-150.810811 -7.308651
-150.540541 -7.298896
-150.270270 -7.289125
-150.000000 -7.279341
-149.729730 -7.269542
-149.459459 -7.259728
-149.189189 -7.249901
-148.918919 -7.240058
-148.648649 -7.230202
-148.378378 -7.220331
-148.108108 -7.210446
-147.837838 -7.200547
-147.567568 -7.190633
-147.297297 -7.180705
-147.027027 -7.170763
-146.756757 -7.160807
-146.486486 -7.150836
-146.216216 -7.140851
-145.945946 -7.130852
-145.675676 -7.120839
-145.405405 -7.110812
-145.135135 -7.100771
-144.864865 -7.090715
-144.594595 -7.080646
-144.324324 -7.070562
-144.054054 -7.060464
-143.783784 -7.050353
-143.513514 -7.040227
-143.243243 -7.030087
-142.972973 -7.019933
-142.702703 -7.009765
-142.432432 -6.999584
-142.162162 -6.989388
-141.891892 -6.979178
-141.621622 -6.968955
-141.351351 -6.958718
-141.081081 -6.948466
-140.810811 -6.938201
-140.540541 -6.927922
-140.270270 -6.917629
-140.000000 -6.907322
-139.729730 -6.897002
-139.459459 -6.886668
-139.189189 -6.876320
-138.918919 -6.865958
-138.648649 -6.855582
-138.378378 -6.845193
-138.108108 -6.834790
-137.837838 -6.824373
-137.567568 -6.813943
-137.297297 -6.803499
-137.027027 -6.793041
-136.756757 -6.782569
-136.486486 -6.772084
-136.216216 -6.761586
-135.945946 -6.751074
-135.675676 -6.740548
-135.405405 -6.730008
-135.135135 -6.719455
-134.864865 -6.708889
-134.594595 -6.698309
-134.324324 -6.687716
-134.054054 -6.677109
-133.783784 -6.666488
-133.513514 -6.655854
-133.243243 -6.645207
-132.972973 -6.634546
-132.702703 -6.623872
-132.432432 -6.613184
-132.162162 -6.602483
-131.891892 -6.591768
-131.621622 -6.581041
-131.351351 -6.570299
-131.081081 -6.559545
-130.810811 -6.548777
-130.540541 -6.537996
-130.270270 -6.527202
-130.000000 -6.516394
-129.729730 -6.505573
-129.459459 -6.494739
-129.189189 -6.483891
-128.918919 -6.473030
-128.648649 -6.462156
-128.378378 -6.451269
-128.108108 -6.440369
-127.837838 -6.429456
-127.567568 -6.418529
-127.297297 -6.407589
-127.027027 -6.396636
-126.756757 -6.385670
-126.486486 -6.374691
-126.216216 -6.363699
-125.945946 -6.352693
-125.675676 -6.341675
-125.405405 -6.330643
-125.135135 -6.319599
-124.864865 -6.308541
-124.594595 -6.297471
-124.324324 -6.286387
-124.054054 -6.275291
-123.783784 -6.264181
-123.513514 -6.253059
-123.243243 -6.241923
-122.972973 -6.230775
-122.702703 -6.219614
-122.432432 -6.208439
-122.162162 -6.197252
-121.891892 -6.186052
-121.621622 -6.174840
-121.351351 -6.163614
-121.081081 -6.152375
-120.810811 -6.141124
-120.540541 -6.129860
-120.270270 -6.118583
-120.000000 -6.107293
-119.729730 -6.095990
-119.459459 -6.084675
-119.189189 -6.073347
-118.918919 -6.062006
-118.648649 -6.050652
-118.378378 -6.039286
-118.108108 -6.027907
-117.837838 -6.016515
-117.567568 -6.005110
-117.297297 -5.993693
-117.027027 -5.982263
-116.756757 -5.970821
-116.486486 -5.959366
-116.216216 -5.947898
-115.945946 -5.936418
-115.675676 -5.924925
-115.405405 -5.913419
-115.135135 -5.901901
-114.864865 -5.890371
-114.594595 -5.878827
-114.324324 -5.867272
-114.054054 -5.855703
-113.783784 -5.844123
-113.513514 -5.832529
-113.243243 -5.820924
-112.972973 -5.809305
-112.702703 -5.797675
-112.432432 -5.786031
-112.162162 -5.774376
-111.891892 -5.762708
-111.621622 -5.751027
-111.351351 -5.739334
-111.081081 -5.727629
-110.810811 -5.715911
-110.540541 -5.704181
-110.270270 -5.692439
-110.000000 -5.680684
-109.729730 -5.668917
-109.459459 -5.657138
-109.189189 -5.645346
-108.918919 -5.633542
-108.648649 -5.621726
-108.378378 -5.609897
-108.108108 -5.598056
-107.837838 -5.586203
-107.567568 -5.574338
-107.297297 -5.562460
-107.027027 -5.550570
-106.756757 -5.538668
-106.486486 -5.526754
-106.216216 -5.514827
-105.945946 -5.502889
-105.675676 -5.490938
-105.405405 -5.478975
-105.135135 -5.467000
-104.864865 -5.455013
-104.594595 -5.443014
-104.324324 -5.431002
-104.054054 -5.418979
-103.783784 -5.406943
-103.513514 -5.394896
-103.243243 -5.382836
-102.972973 -5.370765
-102.702703 -5.358681
-102.432432 -5.346585
-102.162162 -5.334477
-101.891892 -5.322358
-101.621622 -5.310226
-101.351351 -5.298082
-101.081081 -5.285926
-100.810811 -5.273759
-100.540541 -5.261579
-100.270270 -5.249388
-100.000000 -5.237184
-99.729730 -5.224969
-99.459459 -5.212742
-99.189189 -5.200503
-98.918919 -5.188252
-98.648649 -5.175989
-98.378378 -5.163714
-98.108108 -5.151428
-97.837838 -5.139130
-97.567568 -5.126820
-97.297297 -5.114498
-97.027027 -5.102164
-96.756757 -5.089818
-96.486486 -5.077461
-96.216216 -5.065092
-95.945946 -5.052712
-95.675676 -5.040319
-95.405405 -5.027915
-95.135135 -5.015499
-94.864865 -5.003072
-94.594595 -4.990632
-94.324324 -4.978181
-94.054054 -4.965719
-93.783784 -4.953245
-93.513514 -4.940759
-93.243243 -4.928261
-92.972973 -4.915752
-92.702703 -4.903232
-92.432432 -4.890700
-92.162162 -4.878156
-91.891892 -4.865600
-91.621622 -4.853033
-91.351351 -4.840455
-91.081081 -4.827865
-90.810811 -4.815264
-90.540541 -4.802651
-90.270270 -4.790026
-90.000000 -4.777390
-89.729730 -4.764743
-89.459459 -4.752084
-89.189189 -4.739413
-88.918919 -4.726732
-88.648649 -4.714039
-88.378378 -4.701334
-88.108108 -4.688618
-87.837838 -4.675891
-87.567568 -4.663152
-87.297297 -4.650402
-87.027027 -4.637640
-86.756757 -4.624868
-86.486486 -4.612084
-86.216216 -4.599288
-85.945946 -4.586481
-85.675676 -4.573663
-85.405405 -4.560834
-85.135135 -4.547994
-84.864865 -4.535142
-84.594595 -4.522279
-84.324324 -4.509405
-84.054054 -4.496519
-83.783784 -4.483622
-83.513514 -4.470715
-83.243243 -4.457795
-82.972973 -4.444865
-82.702703 -4.431924
-82.432432 -4.418971
-82.162162 -4.406008
-81.891892 -4.393033
-81.621622 -4.380047
-81.351351 -4.367050
-81.081081 -4.354042
-80.810811 -4.341023
-80.540541 -4.327993
-80.270270 -4.314951
-80.000000 -4.301899
-79.729730 -4.288836
-79.459459 -4.275761
-79.189189 -4.262676
-78.918919 -4.249580
-78.648649 -4.236472
-78.378378 -4.223354
-78.108108 -4.210225
-77.837838 -4.197085
-77.567568 -4.183934
-77.297297 -4.170772
-77.027027 -4.157599
-76.756757 -4.144415
-76.486486 -4.131220
-76.216216 -4.118015
-75.945946 -4.104798
-75.675676 -4.091571
-75.405405 -4.078333
-75.135135 -4.065084
-74.864865 -4.051824
-74.594595 -4.038554
-74.324324 -4.025272
-74.054054 -4.011980
-73.783784 -3.998677
-73.513514 -3.985364
-73.243243 -3.972039
-72.972973 -3.958704
-72.702703 -3.945358
-72.432432 -3.932002
-72.162162 -3.918635
-71.891892 -3.905257
-71.621622 -3.891868
-71.351351 -3.878469
-71.081081 -3.865059
-70.810811 -3.851638
-70.540541 -3.838207
-70.270270 -3.824765
-70.000000 -3.811313
-69.729730 -3.797850
-69.459459 -3.784377
-69.189189 -3.770892
-68.918919 -3.757398
-68.648649 -3.743893
-68.378378 -3.730377
-68.108108 -3.716851
-67.837838 -3.703314
-67.567568 -3.689766
-67.297297 -3.676209
-67.027027 -3.662641
-66.756757 -3.649062
-66.486486 -3.635473
-66.216216 -3.621873
-65.945946 -3.608263
-65.675676 -3.594643
-65.405405 -3.581012
-65.135135 -3.567371
-64.864865 -3.553719
-64.594595 -3.540057
-64.324324 -3.526385
-64.054054 -3.512702
-63.783784 -3.499009
-63.513514 -3.485306
-63.243243 -3.471592
-62.972973 -3.457868
-62.702703 -3.444134
-62.432432 -3.430389
-62.162162 -3.416634
-61.891892 -3.402869
-61.621622 -3.389094
-61.351351 -3.375308
-61.081081 -3.361512
-60.810811 -3.347706
-60.540541 -3.333890
-60.270270 -3.320064
-60.000000 -3.306227
-59.729730 -3.292380
-59.459459 -3.278524
-59.189189 -3.264656
-58.918919 -3.250779
-58.648649 -3.236892
-58.378378 -3.222994
-58.108108 -3.209087
-57.837838 -3.195169
-57.567568 -3.181242
-57.297297 -3.167304
-57.027027 -3.153356
-56.756757 -3.139398
-56.486486 -3.125430
-56.216216 -3.111452
-55.945946 -3.097464
-55.675676 -3.083466
-55.405405 -3.069458
-55.135135 -3.055440
-54.864865 -3.041412
-54.594595 -3.027374
-54.324324 -3.013326
-54.054054 -2.999268
-53.783784 -2.985201
-53.513514 -2.971123
-53.243243 -2.957035
-52.972973 -2.942938
-52.702703 -2.928830
-52.432432 -2.914713
-52.162162 -2.900586
-51.891892 -2.886449
-51.621622 -2.872302
-51.351351 -2.858145
-51.081081 -2.843979
-50.810811 -2.829802
-50.540541 -2.815616
-50.270270 -2.801420
-50.000000 -2.787214
-49.729730 -2.772999
-49.459459 -2.758774
-49.189189 -2.744539
-48.918919 -2.730294
-48.648649 -2.716039
-48.378378 -2.701775
-48.108108 -2.687501
-47.837838 -2.673217
-47.567568 -2.658924
-47.297297 -2.644621
-47.027027 -2.630308
-46.756757 -2.615985
-46.486486 -2.601653
-46.216216 -2.587312
-45.945946 -2.572960
-45.675676 -2.558599
-45.405405 -2.544229
-45.135135 -2.529848
-44.864865 -2.515458
-44.594595 -2.501059
-44.324324 -2.486650
-44.054054 -2.472231
-43.783784 -2.457803
-43.513514 -2.443365
-43.243243 -2.428918
-42.972973 -2.414461
-42.702703 -2.399995
-42.432432 -2.385519
-42.162162 -2.371033
-41.891892 -2.356539
-41.621622 -2.342034
-41.351351 -2.327520
-41.081081 -2.312997
-40.810811 -2.298464
-40.540541 -2.283922
-40.270270 -2.269370
-40.000000 -2.254809
-39.729730 -2.240238
-39.459459 -2.225658
-39.189189 -2.211069
-38.918919 -2.196470
-38.648649 -2.181862
-38.378378 -2.167244
-38.108108 -2.152617
-37.837838 -2.137981
-37.567568 -2.123335
-37.297297 -2.108680
-37.027027 -2.094015
-36.756757 -2.079341
-36.486486 -2.064658
-36.216216 -2.049966
-35.945946 -2.035264
-35.675676 -2.020553
-35.405405 -2.005833
-35.135135 -1.991103
-34.864865 -1.976364
-34.594595 -1.961616
-34.324324 -1.946858
-34.054054 -1.932091
-33.783784 -1.917315
-33.513514 -1.902530
-33.243243 -1.887735
-32.972973 -1.872932
-32.702703 -1.858119
-32.432432 -1.843296
-32.162162 -1.828465
-31.891892 -1.813624
-31.621622 -1.798774
-31.351351 -1.783915
-31.081081 -1.769047
-30.810811 -1.754170
-30.540541 -1.739283
-30.270270 -1.724387
-30.000000 -1.709482
-29.729730 -1.694568
-29.459459 -1.679645
-29.189189 -1.664713
-28.918919 -1.649771
-28.648649 -1.634820
-28.378378 -1.619861
-28.108108 -1.604892
-27.837838 -1.589914
-27.567568 -1.574927
-27.297297 -1.559930
-27.027027 -1.544925
-26.756757 -1.529911
-26.486486 -1.514887
-26.216216 -1.499855
-25.945946 -1.484813
-25.675676 -1.469762
-25.405405 -1.454703
-25.135135 -1.439634
-24.864865 -1.424556
-24.594595 -1.409469
-24.324324 -1.394373
-24.054054 -1.379268
-23.783784 -1.364154
-23.513514 -1.349031
-23.243243 -1.333899
-22.972973 -1.318758
-22.702703 -1.303608
-22.432432 -1.288449
-22.162162 -1.273281
-21.891892 -1.258105
-21.621622 -1.242919
-21.351351 -1.227724
-21.081081 -1.212520
-20.810811 -1.197307
-20.540541 -1.182085
-20.270270 -1.166855
-20.000000 -1.151615
-19.729730 -1.136366
-19.459459 -1.121109
-19.189189 -1.105842
-18.918919 -1.090567
-18.648649 -1.075283
-18.378378 -1.059990
-18.108108 -1.044688
-17.837838 -1.029377
-17.567568 -1.014057
-17.297297 -0.998728
-17.027027 -0.983391
-16.756757 -0.968044
-16.486486 -0.952689
-16.216216 -0.937325
-15.945946 -0.921952
-15.675676 -0.906571
-15.405405 -0.891180
-15.135135 -0.875781
-14.864865 -0.860373
-14.594595 -0.844956
-14.324324 -0.829530
-14.054054 -0.814096
-13.783784 -0.798653
-13.513514 -0.783201
-13.243243 -0.767741
-12.972973 -0.752272
-12.702703 -0.736794
-12.432432 -0.721307
-12.162162 -0.705812
-11.891892 -0.690308
-11.621622 -0.674796
-11.351351 -0.659275
-11.081081 -0.643745
-10.810811 -0.628207
-10.540541 -0.612660
-10.270270 -0.597105
-10.000000 -0.581541
-9.729730 -0.565969
-9.459459 -0.550388
-9.189189 -0.534799
-8.918919 -0.519201
-8.648649 -0.503595
-8.378378 -0.487981
-8.108108 -0.472358
-7.837838 -0.456727
-7.567568 -0.441088
-7.297297 -0.425441
-7.027027 -0.409785
-6.756757 -0.394121
-6.486486 -0.378449
-6.216216 -0.362769
-5.945946 -0.347081
-5.675676 -0.331385
-5.405405 -0.315680
-5.135135 -0.299968
-4.864865 -0.284248
-4.594595 -0.268520
-4.324324 -0.252785
-4.054054 -0.237041
-3.783784 -0.221290
-3.513514 -0.205531
-3.243243 -0.189765
-2.972973 -0.173991
-2.702703 -0.158210
-2.432432 -0.142421
-2.162162 -0.126625
-1.891892 -0.110821
-1.621622 -0.095011
-1.351351 -0.079193
-1.081081 -0.063368
-0.810811 -0.047536
-0.540541 -0.031698
-0.270270 -0.015852
0.000000 0.000000
